3 0.30625 0.628125 0.0734375 0.05234375
3 0.6609375 0.6265625 0.06484375 0.046875
3 0.3421875 0.70546875 0.0265625 0.01875
3 0.44296875 0.571875 0.025 0.01875
3 0.4125 0.59140625 0.0234375 0.0109375
3 0.3625 0.615625 0.01953125 0.0140625
3 0.29609375 0.67578125 0.02890625 0.02265625
3 0.525 0.746875 0.0421875 0.0296875
3 0.628125 0.7875 0.07265625 0.0296875
3 0.946875 0.8 0.05859375 0.01875
3 0.734375 0.6921875 0.06953125 0.03359375
3 0.75078125 0.72265625 0.06328125 0.02109375
3 0.540625 0.71015625 0.03828125 0.015625
3 0.46640625 0.71875 0.071875 0.0171875
3 0.49921875 0.6609375 0.021875 0.009375
3 0.509375 0.63046875 0.0171875 0.00859375
