3 0.3375 0.665625 0.0828125 0.0671875
3 0.68359375 0.590625 0.0734375 0.059375
3 0.38828125 0.73359375 0.0296875 0.0234375
3 0.459375 0.58203125 0.028125 0.0234375
3 0.43359375 0.6078125 0.025 0.015625
3 0.38984375 0.64140625 0.021875 0.0171875
3 0.33671875 0.7140625 0.0328125 0.028125
3 0.57578125 0.7359375 0.046875 0.0375
3 0.68515625 0.7546875 0.0765625 0.04375
3 0.984375 0.7 0.03125 0.03125
3 0.76953125 0.6390625 0.075 0.046875
3 0.79140625 0.665625 0.065625 0.034375
3 0.58359375 0.696875 0.040625 0.0234375
3 0.5125 0.72109375 0.0734375 0.03125
3 0.5328125 0.6578125 0.0234375 0.0140625
3 0.5359375 0.62578125 0.01875 0.0125
