3 0.63203125 0.82578125 0.0796875 0.1015625
3 0.73359375 0.60390625 0.0515625 0.04375
3 0.56015625 0.55546875 0.184375 0.0890625
3 0.37578125 0.596875 0.1625 0.10625
3 0.89453125 0.71953125 0.0515625 0.05
3 0.91796875 0.8984375 0.0671875 0.021875
3 0.94296875 0.459375 0.1140625 0.059375
3 0.746875 0.421875 0.0953125 0.04375
3 0.3421875 0.49140625 0.0515625 0.0328125
3 0.28125 0.4890625 0.025 0.028125
3 0.39609375 0.53203125 0.08125 0.0421875
3 0.2890625 0.5484375 0.1 0.0328125
3 0.50234375 0.6984375 0.16875 0.1
3 0.58984375 0.61875 0.0484375 0.034375
