3 0.42265625 0.48515625 0.16875 0.23984375
3 0.5828125 0.4828125 0.140625 0.20078125
3 0.428125 0.834375 0.0640625 0.05078125
3 0.23046875 0.75 0.05234375 0.04140625
3 0.66328125 0.72734375 0.06796875 0.0625
3 0.8734375 0.6453125 0.0296875 0.0421875
3 0.37734375 0.68046875 0.025 0.03203125
3 0.0703125 0.58671875 0.13125 0.03203125
3 0.33046875 0.709375 0.09375 0.0265625
3 0.51640625 0.68984375 0.04296875 0.028125
3 0.9 0.6796875 0.01796875 0.01640625
3 0.7453125 0.48046875 0.175 0.11640625
3 0.9578125 0.5421875 0.04140625 0.03984375
3 0.6796875 0.63984375 0.03046875 0.03046875
