3 0.42109375 0.4984375 0.2078125 0.265625
3 0.57890625 0.46875 0.1734375 0.221875
3 0.4875 0.84140625 0.071875 0.0609375
3 0.278125 0.79296875 0.059375 0.05
3 0.7 0.6953125 0.078125 0.0734375
3 0.89296875 0.578125 0.0359375 0.046875
3 0.41015625 0.69921875 0.0296875 0.0359375
3 0.0921875 0.66015625 0.134375 0.0546875
3 0.36953125 0.7359375 0.096875 0.0421875
3 0.54921875 0.684375 0.046875 0.0359375
3 0.925 0.6078125 0.0203125 0.01875
3 0.73828125 0.43828125 0.1921875 0.1453125
3 0.9578125 0.46171875 0.0484375 0.046875
3 0.7015625 0.60625 0.0359375 0.0359375
