3 0.74921875 0.575 0.07890625 0.078125
3 0.4953125 0.64765625 0.03046875 0.0328125
3 0.37265625 0.62109375 0.0296875 0.046875
3 0.159375 0.67109375 0.02265625 0.0359375
3 0.59765625 0.653125 0.02578125 0.02109375
3 0.6328125 0.6578125 0.0125 0.0171875
3 0.7046875 0.61640625 0.01796875 0.0265625
3 0.67734375 0.559375 0.025 0.0296875
3 0.634375 0.62109375 0.0234375 0.0171875
3 0.57890625 0.57890625 0.02109375 0.021875
3 0.48203125 0.5859375 0.0203125 0.01640625
3 0.27890625 0.6921875 0.0203125 0.01953125
